tree
version=v3
num_class=1
num_tree_per_iteration=1
label_index=0
max_feature_idx=4
objective=regression
feature_names=16.127 21.5878 17.3193 16.8287 18.6518
feature_infos=[14.1153:76.974699999999999] [14.1153:76.974699999999999] [14.1153:76.974699999999999] [14.1153:76.974699999999999] [14.1153:76.974699999999999]
tree_sizes=2737 2781 2794 2790 2795 2799 2795 2815 2827 2821 2817 2814 2807 2785 2785 2812 2827 2799 2785 2798

Tree=0
num_leaves=31
num_cat=0
split_feature=4 4 4 4 4 4 4 4 4 4 4 4 4 4 4 4 4 4 4 4 4 4 4 4 4 4 4 4 4 4
split_gain=2.48652e+06 436899 416343 106221 62843.5 62221.5 60453.6 24176.5 10637.1 8623.93 8542.75 8436.27 7856.81 6970.66 6254.36 4337.5 2592.1 2107.16 1452.52 1317.13 1152.1 1125.32 1049.94 1003.2 934.914 910.012 826.229 776.389 664.796 646.504
threshold=39.62080000000001 50.078500000000005 30.923650000000006 62.322350000000007 35.245650000000005 26.348200000000002 44.259700000000009 54.496700000000004 22.977550000000004 28.736050000000002 68.484800000000021 46.834950000000006 33.221300000000006 37.094150000000006 41.932950000000012 57.954200000000007 51.875900000000009 24.771800000000002 20.538600000000006 48.717450000000007 27.783750000000001 38.728500000000004 32.290450000000007 29.665750000000006 40.603100000000005 74.02385000000001 34.243350000000007 55.62230000000001 43.222750000000005 45.395150000000008
decision_type=2 2 2 2 2 2 2 2 2 2 2 2 2 2 2 2 2 2 2 2 2 2 2 2 2 2 2 2 2 2
left_child=2 6 5 7 12 8 14 16 18 20 -5 29 22 -6 24 27 -3 -10 -1 -13 -7 -15 -4 -11 -2 -12 -14 -9 -16 -8
right_child=1 3 4 10 13 9 11 15 17 23 25 19 26 21 28 -17 -18 -19 -20 -21 -22 -23 -24 -25 -26 -27 -28 -29 -30 -31
leaf_value=33.526519421560124 37.494038154222231 39.658626225889869 35.827261422515761 42.371132772764881 36.730168991173592 34.97018832535597 38.449528664433906 40.479912809474932 34.387354750116735 35.372114466354063 43.84409615145492 39.019740270898339 36.233350895012464 37.067358303486571 37.977036855778728 41.328178772077095 40.102485465399774 34.68982791197358 34.014929768109809 39.351607757220762 35.195739336459297 37.302747995086122 36.039094759737296 35.58135640943523 37.725798303854944 44.535029088134792 36.438050384967539 40.805208174220809 38.199782729516976 38.675769090275324
leaf_weight=315 1266 921 2367 156 2863 2147 941 475 1684 1566 152 1232 1586 2363 1254 621 1228 2034 1074 782 1567 1238 1548 2210 1547 153 1569 768 936 1091
leaf_count=315 1266 921 2367 156 2863 2147 941 475 1684 1566 152 1232 1586 2363 1254 621 1228 2034 1074 782 1567 1238 1548 2210 1547 153 1569 768 936 1091
internal_value=36.8795 39.083 35.7422 40.6997 36.5124 34.9147 38.2837 40.3695 34.3764 35.2817 43.575 38.8585 36.1003 36.9631 37.8188 40.8965 39.9123 34.5528 33.9042 39.1486 35.0654 37.1483 35.911 35.4946 37.6215 44.1907 36.3351 40.6809 38.0722 38.571
internal_weight=0 13523 26131 4474 13534 12597 9049 4013 5107 7490 461 4046 7070 6464 5003 1864 2149 3718 1389 2014 3714 3601 3915 3776 2813 305 3155 1243 2190 2032
internal_count=39654 13523 26131 4474 13534 12597 9049 4013 5107 7490 461 4046 7070 6464 5003 1864 2149 3718 1389 2014 3714 3601 3915 3776 2813 305 3155 1243 2190 2032
is_linear=0
shrinkage=1


Tree=1
num_leaves=31
num_cat=0
split_feature=4 4 4 4 4 4 4 4 4 4 4 4 4 4 4 4 4 4 4 4 4 4 4 4 4 4 4 4 4 4
split_gain=1.59187e+06 277307 269471 66274 48351.6 38108 34491.1 14244.9 7969.6 6704.47 5467.36 5242.76 5037.35 4228.57 3485.14 2471.06 1964.17 1379.34 1329.83 940.552 826.728 662.989 646.673 616.065 596.322 582.407 541.342 461.249 419.94 382.894
threshold=39.869750000000003 31.560500000000001 50.383400000000009 62.322350000000007 26.671400000000002 44.613150000000012 35.871700000000011 55.27020000000001 23.387350000000001 29.301350000000003 68.484800000000021 47.737850000000009 33.736300000000007 42.08485000000001 37.855000000000011 53.151450000000004 58.586000000000006 25.520850000000006 21.915350000000004 28.266550000000006 46.20215000000001 43.558700000000009 30.294200000000004 32.558550000000004 34.761450000000004 74.02385000000001 40.972650000000009 19.642350000000004 36.683350000000011 48.992650000000005
decision_type=2 2 2 2 2 2 2 2 2 2 2 2 2 2 2 2 2 2 2 2 2 2 2 2 2 2 2 2 2 2
left_child=1 4 5 7 8 13 12 15 18 19 -5 20 23 26 28 -4 -9 -10 27 -6 -7 -15 -11 -3 -14 -12 -2 -1 -8 -13
right_child=2 6 3 10 9 11 14 16 17 22 25 29 24 21 -16 -17 -18 -19 -20 -21 -22 -23 -24 -25 -26 -27 -28 -29 -30 -31
leaf_value=-2.8300516720059554 0.54103299177388386 -0.77453100774129546 2.3364928043646618 4.3933332565503243 -1.4629108981528747 1.3336107019627503 -0.10027659492136992 3.1424293068654023 -1.9111715053633533 -1.1116963740677188 5.57170396604036 1.8194108914139879 -0.43555260035522159 0.90918456666554315 0.29603273420191833 2.7570945000826614 3.6345750562075914 -1.6676471503611605 -2.1690923353694131 -1.2697856770416509 1.5729333035710833 1.1273188070811517 -0.94886472115368115 -0.60885636612029115 -0.26568193440509302 6.1244502447789015 0.72216543075949668 -2.447754910569282 0.050680383513203343 2.0172321969417975
leaf_weight=158 1411 1726 1384 156 2470 1261 1280 1078 2334 1746 152 797 1578 1421 2815 937 464 1547 906 1705 1065 917 2211 1871 1736 153 1240 628 1738 769
leaf_count=158 1411 1726 1384 156 2470 1261 1280 1078 2334 1746 152 797 1578 1421 2815 937 464 1547 906 1705 1065 917 2211 1871 1736 153 1240 628 1738 769
internal_value=0 -0.893753 1.79501 3.08982 -1.51823 1.16459 -0.222181 2.81933 -1.97202 -1.20725 5.3564 1.63365 -0.524459 0.798674 0.135961 2.50629 3.29052 -1.8141 -2.33424 -1.38404 1.44319 0.99474 -1.02071 -0.688354 -0.346568 5.84898 0.625757 -2.5246 -0.0133438 1.91655
internal_weight=0 26449 13205 4324 13705 8881 12744 3863 5573 8132 461 3892 6911 4989 5833 2321 1542 3881 1692 4175 2326 2338 3957 3597 3314 305 2651 786 3018 1566
internal_count=39654 26449 13205 4324 13705 8881 12744 3863 5573 8132 461 3892 6911 4989 5833 2321 1542 3881 1692 4175 2326 2338 3957 3597 3314 305 2651 786 3018 1566
is_linear=0
shrinkage=0.2


Tree=2
num_leaves=31
num_cat=0
split_feature=4 4 4 4 4 4 4 4 4 4 4 4 4 4 4 4 4 4 4 3 4 4 4 4 4 4 4 4 4 0
split_gain=1.01976e+06 182126 167509 40051.4 30930.3 25571.6 24695.4 7520.23 4315.29 3897.73 3897.41 3760.74 3499.11 3458.6 2428.03 1643.22 974.16 843.164 821.651 718.256 577.89 511.09 498.481 474.497 455.074 442.212 414.058 402.339 372.741 320.836
threshold=39.505800000000008 50.992550000000008 30.923650000000006 62.322350000000007 44.805250000000008 25.992050000000003 35.356650000000009 56.010950000000008 28.366550000000004 22.732600000000005 47.737850000000009 42.701900000000002 68.484800000000021 33.123450000000012 37.631350000000005 53.807650000000002 59.35690000000001 40.725800000000007 24.203450000000004 28.059650000000001 27.271200000000004 20.538600000000006 29.479100000000003 36.469050000000003 34.448000000000008 46.400600000000004 49.255500000000005 31.830050000000004 74.02385000000001 34.24665000000001
decision_type=2 2 2 2 2 2 2 2 2 2 2 2 2 2 2 2 2 2 2 2 2 2 2 2 2 2 2 2 2 2
left_child=2 4 5 7 11 9 13 15 20 21 25 17 -5 27 23 -3 -9 -2 -11 -10 -7 -1 -21 -8 -15 -6 -12 -4 -14 -16
right_child=1 3 6 12 10 8 14 16 19 18 26 -13 28 24 29 -17 -18 -19 -20 22 -22 -23 -24 -25 -26 -27 -28 -29 -30 -31
leaf_value=-2.1544555798031033 0.39853958175090642 1.9520541347633302 -0.70133094196274959 3.514666513296274 1.0910018579642939 -1.2815104831632997 -0.13088435440619997 2.5992314638294225 -1.0718752864223491 -1.6529976184935515 1.4690916940756922 0.85736003161421026 4.4573629981593079 -0.40840808688209967 0.0092321177284732502 2.2963031443354893 3.0106393701522078 0.59047227584263662 -1.4474432907029409 -0.96453781426456331 -1.1203444297556941 -1.8596165214633122 -0.80952630024310257 0.016694857427693378 -0.26116138218571922 1.2739368083368947 1.6570469017909923 -0.56897139871857794 4.8995601255130152 0.22307486744110086
leaf_weight=315 1580 1383 1593 156 1261 1851 1730 939 859 1206 956 1862 152 2056 319 926 305 2177 2191 1332 1714 928 2201 1756 1419 910 920 2170 153 2334
leaf_count=315 1580 1383 1593 156 1261 1851 1730 939 859 1206 956 1862 152 2056 319 926 305 2177 2191 1332 1714 928 2201 1756 1419 910 920 2170 153 2334
internal_value=0 1.39883 -0.734755 2.53125 0.928567 -1.25815 -0.241883 2.30368 -1.04055 -1.6313 1.35013 0.624943 4.28512 -0.492147 0.0531826 2.09011 2.7001 0.509755 -1.52042 -0.907849 -1.20402 -1.93433 -0.867968 -0.0565444 -0.348281 1.16768 1.56127 -0.625003 4.67919 0.197362
internal_weight=0 13680 25974 4014 9666 12597 13377 3553 7957 4640 4047 5619 461 7238 6139 2309 1244 3757 3397 4392 3565 1243 3533 3486 3475 2171 1876 3763 305 2653
internal_count=39654 13680 25974 4014 9666 12597 13377 3553 7957 4640 4047 5619 461 7238 6139 2309 1244 3757 3397 4392 3565 1243 3533 3486 3475 2171 1876 3763 305 2653
is_linear=0
shrinkage=0.2


Tree=3
num_leaves=31
num_cat=0
split_feature=4 4 4 4 4 4 4 4 4 4 4 4 4 4 4 4 4 4 2 4 2 4 2 2 4 3 2 4 3 4
split_gain=652645 116751 107277 27924.6 18961.6 16656.6 13452.2 5310.06 4297.97 3702.79 2648.05 2091.06 1931.48 1457.78 1337.33 1062.93 917.216 528.606 426.345 412.556 408.845 396.908 373.122 343.455 293.931 259.188 232.51 229.365 226.243 223.48
threshold=39.505800000000008 50.078500000000005 31.384550000000001 60.418900000000008 26.871650000000002 43.90335000000001 35.565350000000002 53.807650000000002 68.484800000000021 24.058050000000005 47.308500000000009 29.386050000000001 33.640450000000008 41.511950000000006 37.958650000000006 56.97610000000001 21.915350000000004 51.875900000000009 25.987150000000003 25.291350000000005 27.492200000000004 45.582550000000005 32.657000000000004 31.832850000000004 36.583850000000005 74.016250000000014 68.537500000000009 48.458900000000007 24.205750000000005 28.056500000000003
decision_type=2 2 2 2 2 2 2 2 2 2 2 2 2 2 2 2 2 2 2 2 2 2 2 2 2 2 2 2 2 2
left_child=2 5 4 7 9 13 12 17 26 16 21 18 23 -2 24 -9 -1 -3 -6 -11 -13 -7 -14 -4 -8 -10 -5 -12 -21 -20
right_child=1 3 6 8 11 10 14 15 25 19 27 20 22 -15 -16 -17 -18 -19 29 28 -22 -23 -24 -25 -26 -27 -28 -29 -30 -31
leaf_value=-1.6241272310870902 0.35070517413961699 1.4054865162807491 -0.5314071982530334 2.6336616237398607 -1.0282776984821245 0.79757702525986751 -0.085087570713930957 1.8673779255146947 3.5571576933197626 -1.2081735642693121 1.1082551345843503 -0.84646099128306218 -0.37049447895554527 0.56998862052356114 0.17765662241583191 2.1656730287323587 -1.357776695667771 1.6197081166596321 -0.90160603154702756 -1.2681569664347647 -0.63294690174630408 0.95287431437508285 -0.20293730793868603 -0.40749662426997918 0.029742575170722131 3.9259133747645785 3.2819392522176112 1.2557138814845583 -1.0483774895291953 -0.79854892927870369
leaf_weight=786 2500 921 1474 284 579 1402 1578 1241 151 1406 761 406 689 2355 2192 777 1512 922 1474 207 3081 1241 2327 2277 2050 154 24 947 1974 1962
leaf_count=786 2500 921 1474 284 579 1402 1578 1241 151 1406 761 406 689 2355 2192 777 1512 922 1474 207 3081 1241 2327 2277 2050 154 24 947 1974 1962
internal_value=0 1.11906 -0.587804 1.95718 -0.981929 0.711748 -0.16863 1.75809 3.21117 -1.25067 0.995924 -0.77111 -0.360377 0.457072 0.0543174 1.98223 -1.44888 1.51266 -0.869513 -1.1237 -0.657807 0.870496 -0.241215 -0.456189 -0.0202028 3.74335 2.68418 1.19001 -1.06924 -0.842759
internal_weight=0 13680 25974 4474 13387 9206 12587 3861 613 5885 4351 7502 6767 4855 5820 2018 2298 1843 4015 3587 3487 2643 3016 3751 3628 305 308 1708 2181 3436
internal_count=39654 13680 25974 4474 13387 9206 12587 3861 613 5885 4351 7502 6767 4855 5820 2018 2298 1843 4015 3587 3487 2643 3016 3751 3628 305 308 1708 2181 3436
is_linear=0
shrinkage=0.2


Tree=4
num_leaves=31
num_cat=0
split_feature=4 4 4 4 4 4 4 4 4 4 4 4 4 4 4 4 4 2 2 4 2 3 0 4 2 4 0 1 3 0
split_gain=418266 77114.1 66966.1 16022.2 13143.7 10661.5 9789.25 2861.01 2698.43 1429.48 1373.61 1342.34 1331.35 1260.1 1197.44 620.803 602.71 395.263 391.78 317.966 273.113 254.009 248.987 237.32 228.664 220.765 213.823 206.642 202.689 191.225
threshold=40.212800000000009 31.649350000000002 51.300250000000005 62.322350000000007 27.166750000000004 45.195700000000009 35.871700000000011 56.489200000000004 24.058050000000005 48.20215000000001 68.484800000000021 42.701900000000002 29.845450000000003 33.831750000000007 38.392400000000002 22.204050000000006 52.824450000000006 25.144000000000002 27.589950000000005 60.418900000000008 34.557500000000005 35.463650000000008 31.652150000000002 19.642350000000004 40.095350000000003 46.834950000000006 37.643900000000009 40.730100000000007 29.013600000000004 74.016250000000014
decision_type=2 2 2 2 2 2 2 2 2 2 2 2 2 2 2 2 2 2 2 2 2 2 2 2 2 2 2 2 2 2
left_child=1 4 5 7 8 11 13 16 15 25 -5 24 18 22 21 23 -4 -10 -6 -9 -15 -8 -3 -1 -2 -7 -16 -13 -14 -12
right_child=2 6 3 10 12 9 14 19 17 -11 29 27 28 20 26 -17 -18 -19 -20 -21 -22 -23 -24 -25 -26 -27 -28 -29 -30 -31
leaf_value=-1.5083246885975705 0.27488033989210259 -0.41630952833731683 1.2204061852845676 2.2650538224440355 -0.75817698398115574 0.72880198854543743 -0.091948972554307701 1.7147298941343103 -0.98076528992973244 1.027224619812992 2.8315728239111002 0.43687128419882826 -0.60738351995928574 -0.23895758907612921 0.10413175051726553 -1.0732379630813444 1.4373070337981373 -0.84570628432029005 -0.62751770991971212 2.0265314428429853 -0.12021517993011316 0.036931346300052209 -0.30629877143303552 -1.239353412628482 0.39713487964271321 0.85845504760348368 0.22853301006410517 0.59611827371092618 -0.47331965744032578 3.1484357991795631
leaf_weight=158 905 1275 768 156 1313 1256 767 939 1258 1725 148 399 545 1375 815 1366 1540 2787 3051 152 1775 3021 2321 774 1890 903 1717 1780 2618 157
leaf_count=158 905 1275 768 156 1313 1256 767 939 1258 1725 148 399 545 1375 815 1366 1540 2787 3051 152 1775 3021 2321 774 1890 903 1717 1780 2618 157
internal_value=0 -0.4455 0.946131 1.64135 -0.773945 0.643179 -0.0968437 1.49129 -0.986032 0.891484 2.74778 0.449287 -0.59522 -0.264403 0.08201 -1.1591 1.36513 -0.88771 -0.666829 1.75817 -0.172047 0.0108355 -0.345304 -1.28495 0.35755 0.783029 0.188491 0.566958 -0.49642 2.99468
internal_weight=0 26936 12718 3860 13870 8858 13066 3399 6343 3884 461 4974 7527 6746 6320 2298 2308 4045 4364 1091 3150 3788 3596 932 2795 2159 2532 2179 3163 305
internal_count=39654 26936 12718 3860 13870 8858 13066 3399 6343 3884 461 4974 7527 6746 6320 2298 2308 4045 4364 1091 3150 3788 3596 932 2795 2159 2532 2179 3163 305
is_linear=0
shrinkage=0.2


Tree=5
num_leaves=31
num_cat=0
split_feature=4 4 4 4 4 4 4 4 4 4 4 4 4 3 4 4 4 2 3 2 4 3 0 2 0 4 0 1 2 4
split_gain=272484 54124.9 39096.4 12174.2 8033.84 6646.14 5352.74 3025.6 1070.24 1044.41 866.254 865.491 829.004 719.2 673.581 519.332 349.125 263.253 240.25 220.274 216.056 203.178 202.609 198.076 185.753 163.348 154.694 147.14 139.657 129.815
threshold=38.839300000000009 49.787300000000009 30.116450000000004 62.322350000000007 43.739100000000008 34.657700000000006 25.409800000000004 54.496700000000004 46.606000000000009 68.484800000000021 27.783750000000001 32.558550000000004 40.972650000000009 21.913600000000002 36.683350000000011 57.44400000000001 52.190900000000006 31.208900000000003 24.205750000000005 27.792500000000004 23.553450000000002 40.215450000000011 34.341650000000008 29.942300000000003 36.473700000000001 19.642350000000004 31.024350000000002 62.317600000000006 35.76570000000001 74.02385000000001
decision_type=2 2 2 2 2 2 2 2 2 2 2 2 2 2 2 2 2 2 2 2 2 2 2 2 2 2 2 2 2 2
left_child=2 4 6 7 12 11 13 16 24 27 18 23 28 25 17 -9 -3 -7 -8 -12 -15 -14 -16 -4 -6 -1 -13 -5 -2 -11
right_child=1 3 5 9 8 14 10 15 -10 29 19 26 21 20 22 -17 -18 -19 -20 -21 -22 -23 -24 -25 -26 -27 -28 -29 -30 -31
leaf_value=-1.2323657069535092 0.045995867684483528 0.91186774630328604 -0.43377004321498858 1.5573145748912425 0.22636072891396719 -0.30372600863459259 -0.84657971827273681 1.2366527991205734 0.73286987254887226 2.2687434244759479 -0.59346611069332955 -0.308265825540597 0.22654030685744453 -0.89333698635277337 -0.066924429326035609 1.4510789425476738 1.0670298520513117 -0.072919475122808164 -0.63704165481592945 -0.48481262446979279 -0.78475009788864669 0.36672352259614893 0.06672143439767135 -0.3359281025410002 0.54430095904347919 -0.99695892834783351 -0.20197110658010675 1.9410494091636257 0.20254804871545884 2.5216423754206674
leaf_weight=145 250 1236 1124 69 76 212 235 1070 2029 158 1011 697 503 1178 552 782 1093 2924 3190 2851 1940 2326 2549 3139 2237 631 2556 95 2582 167
leaf_count=145 250 1236 1124 69 76 212 235 1070 2029 158 1011 697 503 1178 552 782 1093 2924 3190 2851 1940 2326 2549 3139 2237 631 2556 95 2582 167
internal_value=0 0.684655 -0.401598 1.24684 0.422196 -0.175788 -0.679353 1.1364 0.626853 2.19106 -0.578195 -0.302439 0.265223 -0.868654 -0.0231643 1.32719 0.984685 -0.0885225 -0.651419 -0.513256 -0.825775 0.341799 0.0429315 -0.361726 0.533854 -1.04095 -0.224746 1.7796 0.188728 2.39869
internal_weight=0 14673 24934 4670 10003 13753 11181 4181 4342 489 7287 7516 5661 3894 6237 1852 2329 3136 3425 3862 3118 2829 3101 4263 2313 776 3253 164 2832 325
internal_count=39607 14673 24934 4670 10003 13753 11181 4181 4342 489 7287 7516 5661 3894 6237 1852 2329 3136 3425 3862 3118 2829 3101 4263 2313 776 3253 164 2832 325
is_linear=0
shrinkage=0.2


Tree=6
num_leaves=31
num_cat=0
split_feature=4 4 4 4 4 4 4 4 4 4 4 4 2 4 4 2 3 4 4 2 1 2 2 0 0 3 0 1 2 1
split_gain=174419 32658.3 27060.9 6786.21 5150.78 4638.32 4306.71 1215.97 1024.36 734.969 668.424 642.692 591.941 529.732 419.76 246.988 230.117 202.563 199.285 183.72 182.572 174.479 151.757 124.884 123.178 119.974 112.313 94.1697 92.9138 92.2909
threshold=40.464500000000008 31.111550000000005 51.300250000000005 62.322350000000007 35.565350000000002 25.763650000000002 45.782700000000006 56.010950000000008 29.011250000000004 38.28605000000001 68.484800000000021 43.37850000000001 22.974900000000002 33.02450000000001 47.964750000000002 25.875300000000006 32.657000000000004 59.35690000000001 54.13965000000001 33.128650000000007 36.053050000000006 20.536350000000002 40.334200000000003 25.147650000000002 36.473700000000001 26.457650000000005 29.109450000000006 62.317600000000006 31.832850000000004 27.166250000000002
decision_type=2 2 2 2 2 2 2 2 2 2 2 2 2 2 2 2 2 2 2 2 2 2 2 2 2 2 2 2 2 2
left_child=1 5 6 7 13 12 11 18 15 19 27 22 21 28 -8 -7 -15 -9 -4 29 -11 -1 -2 -14 -13 -10 -18 -5 -3 -6
right_child=2 4 3 10 9 8 14 17 25 20 -12 24 23 16 -16 -17 26 -19 -20 -21 -22 -23 -24 -25 -26 -27 -28 -29 -30 -31
leaf_value=-0.93125667893966302 0.18356430378964217 -0.2892952611766898 0.82056603591204036 1.2458516103633936 -0.45058108971399424 -0.57780576902971814 0.51811652527041063 1.0675976582444633 -0.52741010613004924 0.01071957174025796 1.9189556148235614 0.12723911774358643 -0.6802263706898094 -0.23492968735473418 0.65856418019709206 -0.46555485798579377 -0.32964008553433666 1.2545829380487468 0.94689658647725927 0.0058542020469362459 0.14440099061011941 -0.75642407240488763 0.27832234614471718 -0.59922962398704749 0.40309169768286712 -0.33981509028088114 -0.11091052317765754 1.5528394909908898 -0.22196716628053426 -0.10660732281001134
leaf_weight=299 983 1505 1392 69 34 975 1568 936 142 489 325 67 1372 863 1862 4004 97 308 779 3629 2487 966 2165 1711 1928 3437 2940 95 1801 379
leaf_count=299 983 1505 1392 69 34 975 1568 936 142 489 325 67 1372 863 1862 4004 97 308 779 3629 2487 966 2165 1711 1928 3437 2940 95 1801 379
internal_value=0 -0.283968 0.619543 1.05602 -0.074948 -0.514333 0.42078 0.956235 -0.428871 0.047006 1.75285 0.305016 -0.682545 -0.19372 0.59436 -0.487536 -0.143794 1.11389 0.865896 -0.00853019 0.122435 -0.797748 0.248733 -0.635275 0.393827 -0.347258 -0.117897 1.42368 -0.252617 -0.134925
internal_weight=0 27130 12477 3904 14224 12906 8573 3415 8558 7018 489 5143 4348 7206 3430 4979 3900 1244 2171 4042 2976 1265 3148 3083 1995 3579 3037 164 3306 413
internal_count=39607 27130 12477 3904 14224 12906 8573 3415 8558 7018 489 5143 4348 7206 3430 4979 3900 1244 2171 4042 2976 1265 3148 3083 1995 3579 3037 164 3306 413
is_linear=0
shrinkage=0.2


Tree=7
num_leaves=31
num_cat=0
split_feature=4 4 4 4 4 4 4 4 2 4 4 4 4 4 4 3 0 4 0 0 0 4 3 0 2 3 4 2 3 3
split_gain=111827 22280.9 16113.9 5061.86 3278.48 2592.51 2366.6 965.716 787.869 475.804 393.325 387.411 315.762 314.681 284.509 208.63 160.434 158.447 125.775 120.912 118.998 112.095 110.814 99.4871 94.3874 92.3734 91.9867 84.9259 82.2683 80.9315
threshold=38.839300000000009 49.787300000000009 30.294200000000004 60.418900000000008 43.90335000000001 34.549050000000008 25.147850000000002 54.13965000000001 68.537500000000009 28.266550000000006 41.25565000000001 45.98255000000001 21.525000000000002 36.683350000000011 32.469450000000002 24.772550000000006 30.659500000000005 56.97610000000001 19.620800000000006 28.266050000000003 22.197350000000004 52.190900000000006 39.739350000000009 34.341650000000008 33.835950000000004 29.576300000000003 47.964750000000002 32.12295000000001 50.695100000000004 31.832850000000004
decision_type=2 2 2 2 2 2 2 2 2 2 2 2 2 2 2 2 2 2 2 2 2 2 2 2 2 2 2 2 2 2
left_child=2 4 6 7 10 14 12 21 -5 15 24 -6 18 16 25 -8 -7 -9 -1 -11 -14 -3 -12 -15 -2 -4 -13 -16 -28 -17
right_child=1 3 5 8 11 13 9 17 -10 19 22 26 20 23 27 29 -18 -19 -20 -21 -22 -23 -24 -25 -26 -27 28 -29 -30 -31
leaf_value=-0.90502763039742917 -0.04897000394761563 0.58546082837730162 -0.29787269098852448 1.0987547705601612 0.33098220276866691 -0.20207235628428558 -0.53480288129809572 0.77229836254671791 1.5408416896132948 -0.37035759862224404 0.11744569445046754 0.4212567974863588 -0.63762025191950111 -0.047669431849963209 -0.19956939871050022 -0.39434308516109784 -0.045805226725098486 0.89058779480386363 -0.65644705546185822 -0.28833100041997956 -0.52222794379773441 0.67760620936377625 0.24405920012622878 0.045981001174769769 0.13190322721775005 -0.21521593986951415 0.52135792985908502 -0.12825492236818781 0.36696740231580205 -0.65833910014084052
leaf_weight=96 120 1236 653 323 1682 288 497 1094 322 1035 313 1407 416 552 939 3967 3003 773 536 2353 2541 922 2371 2549 3014 3148 934 2314 162 47
leaf_count=96 120 1236 653 323 1682 288 497 1094 322 1035 313 1407 416 552 939 3967 3003 773 536 2353 2541 922 2371 2549 3014 3148 934 2314 162 47
internal_value=0 0.438606 -0.257274 0.799304 0.270211 -0.10866 -0.431218 0.715951 1.31946 -0.370029 0.173102 0.405213 -0.565887 -0.0164046 -0.192258 -0.412569 -0.0594804 0.821274 -0.694206 -0.313389 -0.538462 0.62483 0.229294 0.0293106 0.124978 -0.229416 0.455096 -0.14884 0.498537 -0.397434
internal_weight=0 14673 24934 4670 10003 13446 11488 4025 645 7899 5818 4185 3589 6392 7054 4511 3291 1867 632 3388 2957 2158 2684 3101 3134 3801 2503 3253 1096 4014
internal_count=39607 14673 24934 4670 10003 13446 11488 4025 645 7899 5818 4185 3589 6392 7054 4511 3291 1867 632 3388 2957 2158 2684 3101 3134 3801 2503 3253 1096 4014
is_linear=0
shrinkage=0.2


Tree=8
num_leaves=31
num_cat=0
split_feature=4 4 4 4 4 4 4 4 4 4 2 4 2 2 4 4 4 0 4 4 0 0 3 2 3 4 0 1 1 3
split_gain=71569.6 14316.6 10357.4 3409.65 1833.79 1717.01 1408.75 737.833 515.494 335.711 291.13 264.105 191.8 181.229 146.244 142.683 138.54 99.7383 95.6253 95.2579 90.4581 87.0363 79.5028 78.3514 74.0712 73.3221 72.8419 72.6255 69.5396 69.2467
threshold=38.839300000000009 49.255500000000005 30.745800000000003 60.418900000000008 43.37850000000001 26.233500000000003 34.761450000000004 54.903050000000007 68.484800000000021 22.732600000000005 27.167450000000006 45.98255000000001 40.334200000000003 34.867150000000002 51.564450000000001 32.558550000000004 28.922900000000002 24.201850000000004 37.412650000000006 41.932950000000012 19.620800000000006 38.951750000000011 37.419350000000001 73.973050000000015 30.379250000000003 57.954200000000007 37.314550000000004 26.455700000000004 62.317600000000006 38.844800000000014
decision_type=2 2 2 2 2 2 2 2 2 2 2 2 2 2 2 2 2 2 2 2 2 2 2 2 2 2 2 2 2 2
left_child=2 4 5 7 12 9 15 14 28 20 -7 21 -2 27 -3 -4 -12 -11 29 -14 -1 -6 24 -10 -17 -9 -13 -8 -5 -15
right_child=1 3 6 8 11 10 13 25 23 17 16 26 19 18 -16 22 -18 -19 -20 -21 -22 -23 -24 -25 -26 -27 -28 -29 -30 -31
leaf_value=-0.68644973663123032 0.088393212367039786 0.44947018306554853 -0.17353446000033923 0.79315129650963678 0.11952615362743653 -0.34282727589129158 -0.34661432323423597 0.64405849337439847 1.1344787159819663 -0.44915136254942167 -0.28352379139034511 0.14262332387918991 0.13744000697999945 -0.0010232524858788214 0.54185980956599045 -0.21438594881778325 -0.21955422408837647 -0.37649229704892906 0.047150467130757601 0.21174596657222217 -0.49962743719668501 0.26783586677535615 -0.27521381907853759 1.3308796993793885 -0.10030035730526157 0.73820854970712835 0.36083449571391618 -0.062877534948138011 0.9810920252118791 -0.09848520946547841
leaf_weight=114 2371 1231 3170 180 172 1875 37 1080 162 1054 2696 63 1884 2506 1546 246 2721 2670 1744 1089 1144 1984 119 163 3050 477 2131 1458 140 330
leaf_count=114 2371 1231 3170 180 172 1875 37 1080 162 1054 2696 63 1884 2506 1546 246 2721 2670 1744 1089 1144 1984 119 163 3050 477 2131 1458 140 330
internal_value=0 0.350885 -0.205819 0.626544 0.209302 -0.336733 -0.0788976 0.562695 1.05556 -0.427232 -0.274902 0.305717 0.130821 -0.00943772 0.500905 -0.142978 -0.251391 -0.397057 0.0102983 0.164658 -0.516557 0.256004 -0.114614 1.23298 -0.108815 0.672902 0.354569 -0.0698998 0.875375 -0.012364
internal_weight=0 14673 24934 4979 9694 12274 12660 4334 645 4982 7292 4350 5344 6075 2777 6585 5417 3724 4580 2973 1258 2156 3415 325 3296 1557 2194 1495 320 2836
internal_count=39607 14673 24934 4979 9694 12274 12660 4334 645 4982 7292 4350 5344 6075 2777 6585 5417 3724 4580 2973 1258 2156 3415 325 3296 1557 2194 1495 320 2836
is_linear=0
shrinkage=0.2


Tree=9
num_leaves=31
num_cat=0
split_feature=4 4 4 4 4 4 4 4 3 4 1 2 2 2 3 0 4 3 4 4 4 4 0 3 1 0 3 3 0 3
split_gain=45969.7 8584.05 7125.86 1843.18 1651.54 1024.17 1015.24 368.392 300.848 243.357 191.444 180.373 168.858 119.975 113.098 126.647 96.364 93.4873 88.1433 82.3324 73.3126 73.0884 68.7099 66.446 77.8973 66.1805 70.9978 65.7526 124.242 64.7477
threshold=40.464500000000008 32.009000000000007 50.992550000000008 62.322350000000007 26.871650000000002 36.360450000000007 44.805250000000008 55.27020000000001 23.723050000000004 29.011250000000004 68.537500000000009 31.832850000000004 45.98255000000001 41.51765000000001 35.973700000000001 31.740650000000006 24.889700000000005 23.549800000000001 19.642350000000004 34.549050000000008 42.385750000000009 58.586000000000006 41.379000000000012 37.530700000000003 33.129100000000001 47.735400000000006 47.73940000000001 28.460700000000003 25.289900000000003 27.090150000000005
decision_type=2 2 2 2 2 2 2 2 2 2 2 2 2 2 2 2 2 2 2 2 2 2 2 2 2 2 2 2 2 2
left_child=1 4 6 7 8 11 13 25 18 17 -5 -3 -8 -2 -7 -16 -10 -6 -1 -13 -15 -9 -14 -21 -25 26 -4 -11 -29 -18
right_child=2 5 3 10 9 14 12 21 16 27 -12 19 22 20 15 -17 29 -19 -20 23 -22 -23 -24 24 -26 -27 -28 28 -30 -31
leaf_value=-0.54199926604827242 0.10524860977111233 -0.14068162362466594 0.59970415234565733 0.72455284466346104 -0.53640642180675424 -0.027999805482718482 0.22610557953437227 0.53021913846147162 -0.34019061873702811 -0.22158785238249298 0.98921426588922368 -0.083935222599559961 0.10911487711127849 0.13190017658192135 -0.14147113672498723 0.054282610793634889 -0.25306912632425038 -0.23257345972907661 -0.38390410027520289 -0.021323240637858832 0.19954516645771558 0.62441903270654764 0.31881427440525806 -0.4343849716441972 -0.087053875221001054 0.44222576150849335 0.28272813133668478 -0.39328132124448367 -0.15322778390964376 -0.32239059245636903
leaf_weight=153 1708 1433 33 165 41 910 1290 1091 1506 764 324 2895 64 1054 136 4733 1639 3377 1808 2169 1635 472 2668 28 333 1776 197 88 4314 803
leaf_count=153 1708 1433 33 165 41 910 1290 1091 1506 764 324 2895 64 1054 136 4733 1639 3377 1808 2169 1635 472 2668 28 333 1776 197 88 4314 803
internal_value=0 -0.145784 0.31806 0.535764 -0.250834 -0.025306 0.213125 0.485872 -0.332207 -0.194818 0.899911 -0.0775723 0.285742 0.146701 0.0367191 0.0488149 -0.300402 -0.236218 -0.396239 -0.0609022 0.173031 0.558666 0.313902 -0.0345462 -0.113994 0.429153 0.328207 -0.167427 -0.158027 -0.275864
internal_weight=0 27130 12477 4058 14493 12637 8419 3569 5909 8584 489 6858 4022 4397 5779 4869 3948 3418 1961 5425 2689 1563 2732 2530 361 2006 230 5166 4402 2442
internal_count=39607 27130 12477 4058 14493 12637 8419 3569 5909 8584 489 6858 4022 4397 5779 4869 3948 3418 1961 5425 2689 1563 2732 2530 361 2006 230 5166 4402 2442
is_linear=0
shrinkage=0.2


Tree=10
num_leaves=31
num_cat=0
split_feature=4 4 4 4 4 4 4 4 4 4 4 3 4 3 3 0 0 3 2 2 1 1 3 4 3 3 1 3 3 3
split_gain=28800.5 5307.66 4757.84 1457.57 731.518 563.407 481.385 317.6 185.872 173.907 118.398 115.66 109.595 102.7 101.349 91.4288 88.3646 78.7803 68.0819 67.1584 73.5619 64.9516 63.4486 59.9641 59.9124 58.099 94.1952 90.1286 57.8338 57.7174
threshold=39.247800000000005 48.458900000000007 30.840250000000001 60.418900000000008 26.348200000000002 34.657700000000006 42.235900000000008 53.151450000000004 74.02385000000001 22.204050000000006 37.524750000000004 26.572050000000001 44.613150000000012 34.661850000000008 38.844800000000014 31.909550000000003 26.226700000000005 34.967300000000002 30.569000000000003 45.77920000000001 53.796850000000013 28.368050000000004 38.395550000000007 28.648150000000005 41.117150000000009 34.762300000000003 28.648150000000005 31.201400000000003 33.427150000000005 42.858850000000011
decision_type=2 2 2 2 2 2 2 2 2 2 2 2 2 2 2 2 2 2 2 2 2 2 2 2 2 2 2 2 2 2
left_child=2 6 4 7 9 14 22 -3 -5 -1 16 -6 -8 23 15 17 -7 18 -4 -9 -21 -19 28 -13 25 26 27 -18 -2 -12
right_child=1 3 5 8 11 10 12 19 -10 -11 29 13 -14 -15 -16 -17 24 21 -20 20 -22 -23 -24 -25 -26 -27 -28 -29 -30 -31
leaf_value=-0.34988310835101072 0.34599864304065708 0.29876162394021999 -0.14097104417394943 0.61366400187291159 -0.23261553541160987 -0.31123957840637084 0.13907985060017064 0.76646925128996379 0.87017782179514569 -0.25476192855618662 0.03475344289571735 -0.183503060143963 0.19863466105827912 -0.49084692463082702 -0.45862094230692962 -0.064222371050123225 0.52761121988296511 -0.57603498319430013 -0.071601455393441329 0.34084030795630288 0.42060884834309276 -0.19952540622325615 0.087809116303132539 -0.14369161916145046 -0.29236435419879853 -0.0043994655223194724 -0.071121171873213568 -0.058347036157335552 -0.00079635001411642995 -0.28351881892784786
leaf_weight=939 20 2494 1071 458 1131 42 2192 20 150 4242 2512 2682 2834 38 29 3741 21 21 1200 641 1660 144 3080 3473 32 3219 998 21 503 23
leaf_count=939 20 2494 1071 458 1131 42 2192 20 150 4242 2512 2682 2834 38 29 3741 21 21 1200 641 1660 144 3080 3473 32 3219 998 21 503 23
internal_value=0 0.230108 -0.126291 0.385159 -0.214488 -0.0419321 0.132665 0.348314 0.676949 -0.272002 -0.00246568 -0.173803 0.172661 -0.163063 -0.0856084 -0.0838572 -0.0225511 -0.114011 -0.104316 0.401559 0.398387 -0.247445 0.0768725 -0.161039 -0.0197255 -0.017677 -0.0587734 0.234632 0.0124654 0.0318658
internal_weight=0 14052 25579 5423 12505 13074 8629 4815 608 5181 6868 7324 5026 6193 6206 6177 4333 2436 2271 2321 2301 165 3603 6155 4291 4259 1040 42 523 2535
internal_count=39631 14052 25579 5423 12505 13074 8629 4815 608 5181 6868 7324 5026 6193 6206 6177 4333 2436 2271 2321 2301 165 3603 6155 4291 4259 1040 42 523 2535
is_linear=0
shrinkage=0.2


Tree=11
num_leaves=31
num_cat=0
split_feature=4 4 4 4 2 4 4 4 4 0 1 3 3 4 3 3 3 0 0 1 4 3 3 3 0 1 4 3 2 4
split_gain=18432.3 3396.9 3045.02 932.842 500.616 366.532 308.086 203.264 177.545 126.216 125.483 79.5129 73.0666 70.1409 63.5098 58.5847 62.2642 85.0444 54.7057 50.6147 48.5112 50.1831 47.0152 45.2362 95.0901 51.7847 46.9904 45.1771 54.6888 44.7777
threshold=39.247800000000005 48.458900000000007 30.840250000000001 60.418900000000008 24.365850000000005 34.448000000000008 42.235900000000008 53.151450000000004 27.166750000000004 34.047850000000004 73.998650000000012 39.622550000000011 38.732750000000003 44.613150000000012 34.555650000000007 31.910850000000003 34.967300000000002 28.648350000000004 19.620800000000006 29.207450000000005 57.44400000000001 48.989650000000005 19.631750000000004 28.177700000000005 23.548100000000002 23.550450000000001 30.379250000000003 28.828400000000006 27.685450000000003 22.475550000000002
decision_type=2 2 2 2 2 2 2 2 2 2 2 2 2 2 2 2 2 2 2 2 2 2 2 2 2 2 2 2 2 2
left_child=2 6 4 7 18 12 19 -3 29 11 -5 27 15 -8 23 -4 -17 -18 22 -2 21 -9 -1 25 -25 -10 -27 -7 -29 -6
right_child=1 3 5 10 8 9 13 20 14 -11 -12 -13 -14 -15 -16 16 17 -19 -20 -21 -22 -23 -24 24 -26 26 -28 28 -30 -31
leaf_value=-0.49682852318510418 -0.23424447748972024 0.23900930020731703 -0.095167498671397066 0.48979141023314371 -0.29774504345666647 0.24788306355476381 0.11126387817621569 0.61147429403804598 0.086525393788303651 0.010985725938825273 0.70103067019641807 -0.26447924774359255 -0.39872154996350961 0.15890772920472304 -0.37694591647241177 -0.040306092293078528 -0.41791264794089583 -0.08990391019657748 -0.2420151097749349 0.063397991826908015 0.37027215201039188 0.30040033955832202 -0.26346344836552937 -0.4831009385841234 -0.11327695833858589 -0.15219187631922274 -0.31621878498221101 -0.29457846300942558 -0.041608796522599717 -0.17969323794109882
leaf_weight=64 23 2494 2158 459 133 21 2192 21 35 5583 149 68 27 2834 41 2928 33 755 2510 3580 599 1701 75 28 4104 1625 73 35 1466 3817
leaf_count=64 23 2494 2158 459 133 21 2192 21 35 5583 149 68 27 2834 41 2928 33 755 2510 3580 599 1701 75 28 4104 1625 73 35 1466 3817
internal_value=0 0.184087 -0.101033 0.308127 -0.171591 -0.0335457 0.106132 0.278651 -0.150845 -0.00317224 0.541559 -0.0528854 -0.0704663 0.138129 -0.128892 -0.0689575 -0.0537365 -0.10364 -0.248779 0.061498 0.321247 0.304194 -0.370912 -0.127158 -0.115783 -0.15428 -0.159244 -0.0434318 -0.0475075 -0.183668
internal_weight=0 14052 25579 5423 12505 13074 8629 4815 9856 7173 608 1590 5901 5026 5906 5874 3716 788 2649 3603 2321 1722 139 5865 4132 1733 1698 1522 1501 3950
internal_count=39631 14052 25579 5423 12505 13074 8629 4815 9856 7173 608 1590 5901 5026 5906 5874 3716 788 2649 3603 2321 1722 139 5865 4132 1733 1698 1522 1501 3950
is_linear=0
shrinkage=0.2


Tree=12
num_leaves=31
num_cat=0
split_feature=4 4 4 4 4 4 2 4 4 3 2 0 3 4 0 0 3 2 3 1 1 4 3 1 0 0 0 3 1 3
split_gain=11843.7 2631 1511.54 597.019 314.595 295.652 231.191 130.305 84.1465 75.9642 77.1889 74.6424 62.5179 60.8053 58.0208 56.119 53.3638 52.7148 52.4077 48.2524 48.0686 46.8645 43.6985 42.565 40.6003 39.9099 38.1686 43.7535 41.1246 54.387
threshold=37.958650000000006 48.458900000000007 30.034400000000005 60.418900000000008 41.791150000000009 24.203450000000004 33.128650000000007 52.824450000000006 74.02385000000001 26.572050000000001 26.345900000000004 25.289900000000003 48.202650000000006 33.640450000000008 37.643900000000009 41.379000000000012 30.841150000000003 21.521250000000006 34.967300000000002 53.796850000000013 35.572650000000003 45.582550000000005 38.844800000000014 34.049850000000006 74.016250000000014 47.294200000000011 36.691750000000006 41.665700000000008 29.574750000000005 35.067400000000013
decision_type=2 2 2 2 2 2 2 2 2 2 2 2 2 2 2 2 2 2 2 2 2 2 2 2 2 2 2 2 2 2
left_child=2 4 5 7 14 17 9 -3 24 10 -4 16 -9 18 26 -6 -7 -1 -8 -14 -16 -17 -15 -24 -5 -23 27 28 29 -2
right_child=1 3 6 8 15 11 13 12 -10 -11 -12 -13 19 22 20 21 -18 -19 -20 -21 -22 25 23 -25 -26 -27 -28 -29 -30 -31
leaf_value=-0.25814896399155257 0.053695014425936875 0.18906965355794259 -0.12859656307576359 0.37462221167859489 0.070973635542590993 -0.15880780133560279 -0.034034313210079513 0.60707170367240915 0.56325908279418946 -0.070402543145095586 -0.50852531406187251 -0.11658711849428022 0.20971038454138891 -0.0018328189251874004 -0.25670636236667632 0.10066495649390256 -0.42797192310293514 -0.18830356128466852 -0.1206247435715213 0.27060040327416929 0.054223527713283086 0.11457912878597545 -0.24975946722128853 -0.044801258695436871 0.61166830014797957 0.17353577981069895 -0.048458061374914957 -0.12919893036933913 0.046302634880245705 -0.31576512982447946
leaf_weight=555 34 2339 69 427 1257 1645 1532 20 150 5235 31 6937 749 4804 20 2396 30 1954 342 1707 3559 949 44 514 31 890 390 69 922 30
leaf_count=555 34 2339 69 427 1257 1645 1532 20 150 5235 31 6937 749 4804 20 2396 30 1954 342 1707 3559 949 44 514 31 890 390 69 922 30
internal_value=0 0.133349 -0.0896282 0.246501 0.0749969 -0.143338 -0.0421137 0.222921 0.433247 -0.073701 -0.246374 -0.125737 0.254899 -0.0188248 0.0388292 0.108083 -0.163629 -0.203754 -0.0498368 0.252031 0.052486 0.119097 -0.00798622 -0.0609628 0.390667 0.143112 0.00500369 0.0247668 0.0355413 -0.119489
internal_weight=0 15939 23692 5423 10516 11121 12571 4815 608 5335 100 8612 2476 7236 5024 5492 1675 2509 1874 2456 3579 4235 5362 558 458 1839 1445 1055 986 64
internal_count=39631 15939 23692 5423 10516 11121 12571 4815 608 5335 100 8612 2476 7236 5024 5492 1675 2509 1874 2456 3579 4235 5362 558 458 1839 1445 1055 986 64
is_linear=0
shrinkage=0.2


Tree=13
num_leaves=31
num_cat=0
split_feature=4 4 4 4 2 4 4 0 3 0 4 2 1 3 3 0 0 1 1 3 1 3 4 2 1 4 3 3 3 0
split_gain=7593.94 1488.37 1164.16 387.736 216.759 156.801 146.63 96.2279 89.446 112.876 88.835 80.0527 70.1949 85.7121 56.3242 55.0311 48.3995 47.9167 43.1693 41.4139 39.8246 65.7101 45.1962 39.6839 71.1473 114.47 59.6078 57.1557 45.2916 39.0044
threshold=38.839300000000009 48.717450000000007 30.745800000000003 58.586000000000006 24.365850000000005 43.739100000000008 33.422650000000012 68.537500000000009 28.647500000000004 30.747900000000005 26.671400000000002 53.445050000000002 50.696700000000007 44.804000000000009 37.419350000000001 42.08485000000001 25.758650000000003 25.989500000000003 43.376950000000008 32.563550000000006 31.021750000000001 32.747750000000003 33.929400000000008 27.685450000000003 28.555350000000001 35.653950000000002 32.747750000000003 29.576300000000003 31.286800000000003 35.248250000000006
decision_type=2 2 2 2 2 2 2 2 2 2 2 2 2 2 2 2 2 2 2 2 2 2 2 2 2 2 2 2 2 2
left_child=2 5 4 12 -1 -2 16 11 -8 14 -6 -5 13 -3 23 -15 19 -18 -17 -4 22 -22 -11 28 25 -25 -27 -26 -10 -7
right_child=1 3 6 7 10 29 8 -9 9 20 -12 -13 -14 15 -16 18 17 -19 -20 -21 21 -23 -24 24 27 26 -28 -29 -30 -31
leaf_value=-0.16144590672805231 0.045399779820051153 0.39153502162765053 -0.12228636876711635 0.59580785680947634 -0.12390873714146806 -0.056787849473766985 0.27939012695190518 0.40885577204504187 -0.047803967581553891 0.25680290684103968 -0.083341681471423706 0.25526840106440479 0.19179367375671666 -0.006169662097122817 -0.25455381248708969 0.36194726447848713 0.14736198676483972 -0.051549101948204938 0.13334942466592256 -0.4290383549034596 -0.081866427629063154 -0.0001662372445407597 0.029475271837540375 -0.090794764895891333 -0.40921797688518258 0.59126123823225496 0.13200104402808041 -0.071655243054446247 -0.4536322501572696 0.10068003335256764
leaf_weight=2647 5622 51 147 29 3241 64 43 308 22 48 6469 577 2973 113 72 34 49 4260 1175 20 418 6794 129 58 21 20 26 450 22 3729
leaf_count=2647 5622 51 147 29 3241 64 43 308 22 48 6469 577 2973 113 72 34 49 4260 1175 20 418 6794 129 58 21 20 26 450 22 3729
internal_value=0 0.114208 -0.067095 0.199422 -0.110712 0.0666 -0.0243153 0.317829 -0.00829911 -0.00983013 -0.0968821 0.271565 0.17452 0.137118 -0.0871299 0.127303 -0.0533814 -0.0492872 0.139778 -0.159023 -0.00260126 -0.0049015 0.0911234 -0.0676557 -0.0536474 0.0960688 0.331679 -0.0867058 -0.250718 0.098023
internal_weight=0 14675 24956 5260 12357 9415 12599 914 8123 8080 9710 606 4346 1373 691 1322 4476 4309 1209 167 7389 7212 177 619 575 104 46 471 44 3793
internal_count=39631 14675 24956 5260 12357 9415 12599 914 8123 8080 9710 606 4346 1373 691 1322 4476 4309 1209 167 7389 7212 177 619 575 104 46 471 44 3793
is_linear=0
shrinkage=0.2


Tree=14
num_leaves=31
num_cat=0
split_feature=4 4 4 4 2 0 4 3 0 3 3 2 3 4 0 0 1 0 3 3 2 3 4 2 3 0 1 3 2 0
split_gain=4911.82 1156.52 587.224 278.488 127.081 124.377 95.097 75.143 74.8418 53.4129 56.4966 46.1713 45.4136 58.8865 43.123 48.7786 40.532 40.3021 53.5175 40.0251 85.741 39.9986 38.994 38.2762 37.4049 37.3624 53.4868 34.6711 33.9794 32.6115
threshold=37.524750000000004 47.537350000000011 28.736050000000002 57.954200000000007 33.128650000000007 39.974150000000002 24.203450000000004 68.484800000000021 47.966000000000001 27.971050000000002 23.723050000000004 53.445050000000002 43.552050000000008 44.805250000000008 33.647950000000009 35.248250000000006 56.971700000000006 25.758650000000003 33.131900000000009 31.286800000000003 28.370400000000004 41.117150000000009 41.660250000000012 38.162400000000012 32.839100000000009 38.727950000000007 37.530700000000003 24.056250000000002 47.539150000000006 25.407400000000006
decision_type=2 2 2 2 2 2 2 2 2 2 2 2 2 2 2 2 2 2 2 2 2 2 2 2 2 2 2 2 2 2
left_child=2 5 6 8 9 12 -1 11 -3 10 -4 -5 13 19 -14 -16 -13 18 29 -2 -21 -6 -7 -24 27 26 -15 -8 -10 -11
right_child=1 3 4 7 21 22 24 -9 28 17 -12 16 14 25 15 -17 -18 -19 -20 20 -22 -23 23 -25 -26 -27 -28 -29 -30 -31
leaf_value=-0.13286809829383311 0.28593971891836273 0.087349633928007098 0.20515546869972479 0.42342011468150675 -0.013509401928945848 0.039388981381971264 -0.13401854342685834 0.32853111233262772 0.24586537443665846 -0.048661962790471136 -0.1132682638582143 0.11341538923478361 0.21429092869162561 0.23966516803314045 -0.37508119425990366 -0.061849505945945675 0.22634254465420761 -0.043755029367914672 -0.38646063920376555 -0.39760574340820315 0.017632578500693111 -0.230981477832093 0.34098924142973769 0.070295926865399219 -0.3135737991024708 0.39533615174392861 -0.14138979633217272 -0.081405150489818667 0.14261620537208364 -0.22772183924551226
leaf_weight=2509 22 1116 23 39 6754 2334 548 311 132 165 720 166 20 41 22 207 543 6339 28 20 3645 34 21 4163 29 24 23 5841 3738 54
leaf_count=2509 22 1116 23 39 6754 2334 548 311 132 165 720 166 20 41 22 207 543 6339 28 20 3645 34 21 4163 29 24 23 5841 3738 54
internal_value=0 0.0830224 -0.0597045 0.152763 -0.0343161 0.0430316 -0.0998532 0.245909 0.13298 -0.0525781 -0.103411 0.211557 0.0153834 0.0208402 -0.0673446 -0.0919416 0.199903 -0.0468433 -0.126102 0.0169811 0.0153666 -0.0145987 0.0601007 0.0716546 -0.0869466 0.182527 0.102724 -0.0859179 0.146138 -0.0928137
internal_weight=0 16587 23044 6045 14117 10542 8927 1059 4986 7329 743 748 4024 3775 249 229 709 6586 247 3687 3665 6788 6518 4184 6418 88 64 6389 3870 219
internal_count=39631 16587 23044 6045 14117 10542 8927 1059 4986 7329 743 748 4024 3775 249 229 709 6586 247 3687 3665 6788 6518 4184 6418 88 64 6389 3870 219
is_linear=0
shrinkage=0.2


Tree=15
num_leaves=31
num_cat=0
split_feature=4 4 4 4 2 1 4 3 3 3 0 3 2 2 4 3 3 0 1 0 2 3 1 3 1 2 0 0 3 0
split_gain=3465 782.011 540.989 182.525 127.041 98.8388 72.1831 68.3029 63.751 61.4788 55.1871 78.7186 53.9518 49.0153 44.8934 43.6084 39.9468 35.0585 44.277 34.5088 31.7093 31.4915 30.7456 51.1623 40.5227 72.0978 66.3508 111.143 30.3074 30.2174
threshold=41.791150000000009 33.221300000000006 52.486650000000004 27.271200000000004 44.431350000000009 68.537500000000009 36.360450000000007 36.590750000000007 34.340150000000001 22.472650000000005 42.235500000000009 50.071850000000005 27.167450000000006 24.365850000000005 56.010950000000008 28.369500000000006 38.064250000000008 38.28605000000001 39.739200000000004 30.378800000000002 29.942300000000003 29.84815 28.555350000000001 35.15805000000001 30.923900000000003 30.931650000000001 31.113350000000004 28.557250000000003 37.530700000000003 30.034150000000004
decision_type=2 2 2 2 2 2 2 2 2 2 2 2 2 2 2 2 2 2 2 2 2 2 2 2 2 2 2 2 2 2
left_child=1 3 10 9 -4 14 7 -3 13 -1 11 16 -8 -5 -6 -11 -2 18 22 -9 21 29 23 -14 26 -26 27 -24 -10 -15
right_child=2 6 4 8 5 -7 12 19 28 15 -12 -13 17 20 -16 -17 -18 -19 -20 -21 -22 -23 24 -25 25 -27 -28 -29 -30 -31
leaf_value=-0.13501602724592751 0.17912866570055486 -0.0062088355329455586 0.64219716787338266 -0.1448149950631584 0.12539558544006577 0.2677634815824545 -0.30659022927284241 -0.24114914437712628 -0.10291654463032528 -0.077521695110904232 0.075169510197259301 -0.2360007922564234 0.30222831291545715 -0.056648238660748723 0.17488446617613307 -0.14131182777459053 0.034309159492400522 0.026818022811445165 -0.09098406190779515 -0.05776930110646511 -0.032220340576866423 -0.086202364464202222 0.088477594993616404 -0.076904406150182097 0.37640299726100196 0.0044601559606032215 0.1603787674986083 -0.34332873092971572 -0.30339954155497256 -0.0097866198590186165
leaf_weight=1091 80 3895 22 192 1558 308 21 43 525 4985 5873 42 35 2358 1385 469 1599 4072 205 904 5120 1024 38 24 21 2849 29 64 32 718
leaf_count=1091 80 3895 22 192 1558 308 21 43 525 4985 5873 42 35 2358 1385 469 1599 4072 205 904 5120 1024 38 24 21 2849 29 64 32 718
internal_value=0 -0.0373577 0.095236 -0.0657267 0.163208 0.159967 0.00104266 -0.0179216 -0.0486897 -0.0916766 0.0659401 0.0344443 0.0135222 -0.0447989 0.148685 -0.0830071 0.0412094 0.0144385 -0.00100089 -0.0660959 -0.0427161 -0.0558231 0.00502739 0.148005 0.00221644 0.00718169 -0.106564 -0.18246 -0.114434 -0.0457098
internal_weight=0 28714 10867 16514 3273 3251 12200 4842 9969 6545 7594 1721 7358 9412 2943 5454 1679 7337 3265 947 9220 4100 3060 59 3001 2870 131 102 557 3076
internal_count=39581 28714 10867 16514 3273 3251 12200 4842 9969 6545 7594 1721 7358 9412 2943 5454 1679 7337 3265 947 9220 4100 3060 59 3001 2870 131 102 557 3076
is_linear=0
shrinkage=0.2


Tree=16
num_leaves=31
num_cat=0
split_feature=4 4 4 4 2 1 0 2 2 3 3 2 1 4 4 3 1 4 2 0 3 1 1 0 3 3 4 4 3 4
split_gain=2217.6 504.726 347.857 117.6 80.7613 64.4051 57.1681 60.0806 42.215 41.5598 41.3978 36.0122 79.6032 63.5424 39.9622 34.896 33.8114 32.7416 33.905 30.7592 31.9207 29.9216 49.0804 29.7635 32.0981 29.5944 47.0425 38.4851 52.4598 38.0626
threshold=41.791150000000009 32.736200000000004 52.824450000000006 25.147850000000002 44.614350000000009 73.998650000000012 36.263550000000002 32.210200000000007 45.77920000000001 26.235250000000004 34.340150000000001 25.987150000000003 25.019350000000006 27.387400000000003 26.767250000000004 44.428800000000003 30.293600000000005 56.489200000000004 48.711050000000007 40.331950000000006 53.449050000000007 32.120350000000009 33.544150000000009 20.528700000000004 26.672350000000005 36.590750000000007 36.147300000000008 40.333900000000007 37.419350000000001 39.975150000000006
decision_type=2 2 2 2 2 2 2 2 2 2 2 2 2 2 2 2 2 2 2 2 2 2 2 2 2 2 2 2 2 2
left_child=1 3 8 23 -4 17 25 -8 21 11 -11 -5 13 -13 16 -9 -14 18 -6 -10 -21 -2 -23 -1 -25 -3 -27 29 -29 -28
right_child=2 6 4 9 5 -7 7 15 19 10 -12 12 14 -15 -16 -17 -18 -19 -20 20 -22 22 -24 24 -26 26 27 28 -30 -31
leaf_value=-0.1489786113056947 -0.13661003185388371 -0.0072282008026217691 0.53323161035776134 -0.095246399755557376 -0.045165097688214258 0.25742933953686664 -0.24669530436707043 0.013641961056294435 -0.067198930391624792 -0.037263840695729522 -0.10409417987426187 0.030636744190539633 -0.0045573860217745493 0.39181105649029768 -0.13263713685640444 -0.13244992994675131 -0.22316436870924888 0.14577922532440299 0.10941245507033899 0.073391332991684391 -0.0091263243748905699 0.33733047878539024 0.037675680701732446 -0.075163649599501073 -0.15308822066799943 -0.099449358297080639 -0.012986499754117038 -0.37882025366028155 -0.060497180475014581 0.14831028934272508
leaf_weight=275 39 4194 20 1096 59 151 36 7205 67 10022 385 70 325 27 216 66 31 1392 1494 3895 197 22 3531 3085 227 393 823 24 151 63
leaf_count=275 39 4194 20 1096 59 151 36 7205 67 10022 385 70 325 27 216 66 31 1392 1494 3895 197 22 3531 3085 227 393 823 24 151 63
internal_value=0 -0.0298862 0.0761888 -0.0539279 0.132625 0.130037 -0.000640847 0.0110398 0.0535009 -0.044549 -0.0397362 -0.0729266 -0.0363608 0.13117 -0.0647707 0.0123159 -0.0235934 0.123505 0.10354 0.0672178 0.0694187 0.0376187 0.0395311 -0.0857541 -0.0805045 -0.0157524 -0.0403402 -0.0184459 -0.104153 -0.00151731
internal_weight=0 28714 10867 15759 3116 3096 12955 7307 7751 12172 10407 1765 669 97 572 7271 356 2945 1553 4159 4092 3592 3553 3587 3312 5648 1454 1061 175 886
internal_count=39581 28714 10867 15759 3116 3096 12955 7307 7751 12172 10407 1765 669 97 572 7271 356 2945 1553 4159 4092 3592 3553 3587 3312 5648 1454 1061 175 886
is_linear=0
shrinkage=0.2


Tree=17
num_leaves=31
num_cat=0
split_feature=4 4 4 4 4 4 0 2 2 2 2 1 3 2 3 1 1 1 3 2 3 3 2 1 0 0 0 0 3 2
split_gain=1419.26 331.201 226.079 71.5863 54.4736 47.9558 86.7346 73.3758 61.9024 59.8661 39.661 57.319 65.3798 38.2738 37.1486 51.2903 35.4613 35.706 35.1941 34.878 34.8319 33.4652 33.4209 35.4172 37.5173 32.2093 32.1961 31.9742 30.6431 30.2164
threshold=41.791150000000009 32.009000000000007 54.496700000000004 24.643300000000004 36.360450000000007 47.308500000000009 37.003750000000004 40.605050000000006 42.388150000000003 43.551950000000012 28.829450000000005 28.555350000000001 34.454550000000005 33.128650000000007 55.271150000000006 52.814350000000005 48.985450000000007 34.971550000000008 31.481100000000001 36.362900000000003 36.590750000000007 32.747750000000003 73.973050000000015 47.53605000000001 44.081150000000008 47.294200000000011 51.562100000000008 30.378800000000002 33.935400000000008 29.108000000000004
decision_type=2 2 2 2 2 2 2 2 2 2 2 2 2 2 2 2 2 2 2 2 2 2 2 2 2 2 2 2 2 2
left_child=1 3 5 -1 20 13 -7 -8 -9 -10 -6 12 -12 -2 25 -16 17 -15 -13 -19 21 -3 23 24 -4 -11 -21 -22 -5 -23
right_child=2 4 22 28 10 6 7 8 9 14 11 18 -14 16 15 -17 -18 19 -20 26 27 29 -24 -25 -26 -27 -28 -29 -30 -31
leaf_value=-0.072829630930052958 0.30819952383637433 -0.030693071399263524 0.1218960725949728 -0.036321842883765242 -0.16601162931206181 -0.21698260077021342 0.39396551957836862 -0.15576891606929255 0.27319149305197327 0.030160248130325858 0.50542611062526699 -0.24888016184171044 -0.0059635392203927044 -0.10282425902248041 -0.32782922812870574 0.01302080605313316 -0.031437292481778116 0.2218223686625318 0.010408611097426971 0.037673134227711791 -0.20234318971633913 -0.18354205452970096 0.20613946882499889 0.10556046492379989 0.44888878989219666 0.076633600800490725 -0.2166941043920815 -0.041238477376812244 -0.1002655987754803 0.0031236642458418594
leaf_weight=2974 20 1934 32 11227 51 44 27 51 55 756 20 21 20 73 21 111 338 41 7246 4147 52 35 154 2124 25 2828 20 941 308 3885
leaf_count=2974 20 1934 32 11227 51 44 27 51 55 756 20 21 20 73 21 111 338 41 7246 4147 52 35 154 2124 25 2828 20 941 308 3885
internal_value=0 -0.023909 0.0609511 -0.0451625 -0.00220058 0.0458599 0.0622278 0.0654197 0.0630987 0.0660587 0.0097468 0.0109735 0.249731 0.032124 0.062993 -0.0412053 0.0309286 0.0358526 0.00965932 0.0382584 -0.0150396 -0.00916449 0.116094 0.109736 0.265314 0.0668306 0.0364523 -0.049675 -0.0380292 0.00145701
internal_weight=0 28714 10867 14509 14205 8532 3893 3849 3822 3771 7358 7307 40 4639 3716 132 4619 4281 7267 4208 6847 5854 2335 2181 57 3584 4167 993 11535 3920
internal_count=39581 28714 10867 14509 14205 8532 3893 3849 3822 3771 7358 7307 40 4639 3716 132 4619 4281 7267 4208 6847 5854 2335 2181 57 3584 4167 993 11535 3920
is_linear=0
shrinkage=0.2


Tree=18
num_leaves=31
num_cat=0
split_feature=0 4 4 2 3 4 0 1 2 4 4 3 0 2 0 3 3 2 3 1 1 3 2 0 3 2 0 3 3 0
split_gain=936.19 196.952 173.261 83.5386 50.2493 61.0756 62.2993 55.9936 49.2649 48.9618 45.5213 41.4666 35.3468 25.9916 24.3309 53.2873 52.3005 34.6333 80.2939 47.0906 36.5225 59.2939 45.968 55.5541 43.3679 32.0193 33.0807 27.5278 26.7704 59.3405
threshold=41.379000000000012 29.479100000000003 50.698250000000009 44.431350000000009 47.076350000000012 47.964750000000002 37.097350000000006 39.147150000000003 21.521250000000006 36.047050000000006 35.245650000000005 52.479300000000002 62.298950000000012 45.77920000000001 30.034150000000004 27.492200000000004 34.246550000000006 30.750900000000005 28.647500000000004 30.201800000000002 27.166250000000002 29.387300000000003 28.829450000000005 26.981550000000002 29.84815 25.987150000000003 27.488800000000001 33.542450000000009 27.168050000000004 25.016300000000005
decision_type=2 2 2 2 2 2 2 2 2 2 2 2 2 2 2 2 2 2 2 2 2 2 2 2 2 2 2 2 2 2
left_child=1 8 10 -4 5 9 -7 -6 -1 14 -2 -12 13 -5 16 -16 17 20 -19 27 22 -22 24 -24 28 -26 -27 -20 -3 -30
right_child=2 4 3 12 7 6 -8 -9 -10 -11 11 -13 -14 -15 15 -17 -18 18 19 -21 21 -23 23 -25 25 26 -28 -29 29 -31
leaf_value=-0.097141885100292674 -0.11712083583697677 -0.052820947553824493 0.43792241962196732 -0.1356902517999212 -0.41955231936140502 -0.060719081044197092 0.34174619502853604 -0.072236996932941319 -0.038778366344778659 0.0053932168685157968 0.032607153606086257 -0.11220082936342807 0.1306865401401319 0.073126318496492981 0.27528401352465154 -0.011497587062561461 -0.13311924194649269 0.36604051551222805 0.043666535190912709 -0.04859184654122703 -0.11071601139860912 -0.019838819462088417 0.032775982783028956 0.39036783647537232 -0.34619882458990275 0.011077453969207047 -0.25053839483137791 0.27694738757881254 -0.14586853214672632 0.12368997229503938
leaf_weight=616 84 135 26 24 22 25 40 119 9507 7262 7027 80 458 3647 26 8097 193 25 252 346 509 659 57 25 22 58 29 22 42 147
leaf_count=616 84 135 26 24 22 25 40 119 9507 7262 7027 80 458 3647 26 8097 193 25 252 346 509 659 57 25 22 58 29 22 42 147
internal_value=0 -0.0199867 0.0480338 0.0805477 -0.00749888 -0.00656576 0.186952 -0.126428 -0.0423299 -0.00726824 0.0292471 0.0309771 0.0782973 0.0717611 -0.0159067 -0.0105797 -0.0330711 -0.0247767 0.014628 0.000458114 -0.0398783 -0.059442 0.00449136 0.141798 -0.0215113 -0.130638 -0.0761278 0.0623971 0.015201 0.0637881
internal_weight=0 28235 11346 4155 18112 17971 65 141 10123 17906 7191 7107 4129 3671 10644 8123 2521 2328 645 620 1683 1168 515 82 433 109 87 274 324 189
internal_count=39581 28235 11346 4155 18112 17971 65 141 10123 17906 7191 7107 4129 3671 10644 8123 2521 2328 645 620 1683 1168 515 82 433 109 87 274 324 189
is_linear=0
shrinkage=0.2


Tree=19
num_leaves=31
num_cat=0
split_feature=0 4 4 2 2 3 4 0 1 4 2 4 3 3 2 3 0 2 0 4 0 0 2 1 3 1 0 1 4 4
split_gain=599.162 127.742 112.748 54.519 36.479 34.885 37.086 39.8716 35.8359 34.6027 38.4393 24.8432 38.5044 29.1589 26.5937 26.3256 27.4573 30.5137 27.3212 24.7343 24.1212 21.8438 38.5922 30.5721 24.4632 44.1517 22.458 26.7909 27.2715 21.7073
threshold=41.379000000000012 32.009000000000007 52.486650000000004 45.394050000000007 21.521250000000006 47.076350000000012 47.964750000000002 37.097350000000006 39.147150000000003 39.739200000000004 38.837400000000009 26.871650000000002 28.369500000000006 32.747750000000003 25.643750000000001 26.235250000000004 23.185600000000004 27.792500000000004 30.378800000000002 28.056500000000003 26.768650000000004 36.263550000000002 32.210200000000007 34.342200000000005 38.844800000000014 31.477000000000004 41.112900000000003 43.730000000000011 44.259700000000009 21.915350000000004
decision_type=2 2 2 2 2 2 2 2 2 2 2 2 2 2 2 2 2 2 2 2 2 2 2 2 2 2 2 2 2 2
left_child=1 4 9 -4 29 6 21 -8 -7 -2 -11 12 -6 15 -14 16 19 18 -18 -13 -19 24 23 -23 -3 -26 -24 28 -28 -1
right_child=2 5 3 -5 11 8 7 -9 -10 10 -12 13 14 -15 -16 -17 17 20 -20 -21 -22 22 26 -25 25 -27 27 -29 -30 -31
leaf_value=-0.047773658436704051 -0.012338590977103894 -0.0059181240523660684 0.3991307529807091 0.067898924946998812 -0.033407519743577016 -0.33564185310493816 -0.048575268864631656 0.27339695440605283 -0.057789596303233083 0.21057510033566904 0.029115293799155624 0.20680308203245035 0.031708076836851735 -0.056750507806339917 -0.12994170670758989 -0.013024239132214115 -0.09298261311988687 0.21792134082317355 0.12541941826542219 -0.061839772531619444 -0.042523840792251355 -0.038997236278749285 0.010221786290880875 -0.35153590422345415 -0.21833712474527683 -0.030853774722203898 -0.046496955642688159 0.16324390023946764 -0.27962362221018838 -0.12506442191038944
leaf_weight=392 851 6327 20 3223 5015 22 25 40 119 47 7205 29 48 795 268 7103 505 25 24 26 33 31 6247 21 55 581 229 22 22 231
leaf_count=392 851 6327 20 3223 5015 22 25 40 119 47 7205 29 48 795 268 7103 505 25 24 26 33 31 6247 21 55 581 229 22 22 231
internal_value=0 -0.0159894 0.0384271 0.0699417 -0.0290878 -0.0021732 -0.00114712 0.149561 -0.101142 0.0258142 0.0302913 -0.0269613 -0.0376742 -0.020274 -0.105387 -0.0165298 -0.0553146 -0.0679751 -0.083074 0.0798083 0.069737 -0.00187088 0.0063993 -0.165215 -0.00967666 -0.047067 0.007768 -0.0483815 -0.0669304 -0.076432
internal_weight=0 28235 11346 3243 14494 13741 13600 65 141 8103 7252 13871 5331 8540 316 7745 642 587 529 55 58 13535 6572 52 6963 636 6520 273 251 623
internal_count=39581 28235 11346 3243 14494 13741 13600 65 141 8103 7252 13871 5331 8540 316 7745 642 587 529 55 58 13535 6572 52 6963 636 6520 273 251 623
is_linear=0
shrinkage=0.2


end of trees

feature_importances:
18.6518=300
16.8287=104
16.127=75
17.3193=74
21.5878=47

parameters:
[boosting: gbdt]
[objective: regression]
[metric: auc,l2]
[tree_learner: serial]
[device_type: cpu]
[data: ]
[valid: ]
[num_iterations: 20]
[learning_rate: 0.2]
[num_leaves: 31]
[num_threads: 0]
[deterministic: 0]
[force_col_wise: 0]
[force_row_wise: 0]
[histogram_pool_size: -1]
[max_depth: -1]
[min_data_in_leaf: 20]
[min_sum_hessian_in_leaf: 0.001]
[bagging_fraction: 0.8]
[pos_bagging_fraction: 1]
[neg_bagging_fraction: 1]
[bagging_freq: 5]
[bagging_seed: 3]
[feature_fraction: 0.9]
[feature_fraction_bynode: 1]
[feature_fraction_seed: 2]
[extra_trees: 0]
[extra_seed: 6]
[early_stopping_round: 0]
[first_metric_only: 0]
[max_delta_step: 0]
[lambda_l1: 0]
[lambda_l2: 0]
[linear_lambda: 0]
[min_gain_to_split: 0]
[drop_rate: 0.1]
[max_drop: 50]
[skip_drop: 0.5]
[xgboost_dart_mode: 0]
[uniform_drop: 0]
[drop_seed: 4]
[top_rate: 0.2]
[other_rate: 0.1]
[min_data_per_group: 100]
[max_cat_threshold: 32]
[cat_l2: 10]
[cat_smooth: 10]
[max_cat_to_onehot: 4]
[top_k: 20]
[monotone_constraints: ]
[monotone_constraints_method: basic]
[monotone_penalty: 0]
[feature_contri: ]
[forcedsplits_filename: ]
[refit_decay_rate: 0.9]
[cegb_tradeoff: 1]
[cegb_penalty_split: 0]
[cegb_penalty_feature_lazy: ]
[cegb_penalty_feature_coupled: ]
[path_smooth: 0]
[interaction_constraints: ]
[verbosity: 10]
[saved_feature_importance_type: 0]
[linear_tree: 0]
[max_bin: 255]
[max_bin_by_feature: ]
[min_data_in_bin: 3]
[bin_construct_sample_cnt: 200000]
[data_random_seed: 1]
[is_enable_sparse: 1]
[enable_bundle: 1]
[use_missing: 1]
[zero_as_missing: 0]
[feature_pre_filter: 1]
[pre_partition: 0]
[two_round: 0]
[header: 0]
[label_column: ]
[weight_column: ]
[group_column: ]
[ignore_column: ]
[categorical_feature: ]
[forcedbins_filename: ]
[precise_float_parser: 0]
[objective_seed: 5]
[num_class: 1]
[is_unbalance: 0]
[scale_pos_weight: 1]
[sigmoid: 1]
[boost_from_average: 1]
[reg_sqrt: 0]
[alpha: 0.9]
[fair_c: 1]
[poisson_max_delta_step: 0.7]
[tweedie_variance_power: 1.5]
[lambdarank_truncation_level: 30]
[lambdarank_norm: 1]
[label_gain: ]
[eval_at: ]
[multi_error_top_k: 1]
[auc_mu_weights: ]
[num_machines: 1]
[local_listen_port: 12400]
[time_out: 120]
[machine_list_filename: ]
[machines: ]
[gpu_platform_id: -1]
[gpu_device_id: -1]
[gpu_use_dp: 0]
[num_gpu: 1]

end of parameters

pandas_categorical:[]
